0 0.054086538461538464 0.33533653846153844 0.10817307692307693 0.23798076923076922
0 0.2824519230769231 0.34615384615384615 0.2091346153846154 0.2403846153846154
0 0.4891826923076923 0.3449519230769231 0.20793269230769232 0.23798076923076922
0 0.6959134615384616 0.3449519230769231 0.20552884615384615 0.234375
0 0.05889423076923077 0.5697115384615384 0.11658653846153846 0.2403846153846154
0 0.3233173076923077 0.5841346153846154 0.3088942307692308 0.2403846153846154
0 0.6442307692307693 0.5793269230769231 0.2932692307692308 0.234375
0 0.8725961538461539 0.5204326923076923 0.15144230769230768 0.18269230769230768
0 0.9314903846153846 0.3317307692307692 0.13701923076923078 0.1875
0 0.05889423076923077 0.7980769230769231 0.11658653846153846 0.2247596153846154
0 0.27524038461538464 0.8076923076923077 0.20673076923076922 0.2127403846153846
0 0.48677884615384615 0.8028846153846154 0.20673076923076922 0.21394230769230768
0 0.6923076923076923 0.8028846153846154 0.20552884615384615 0.21875