0 0.11899038461538461 0.11177884615384616 0.09495192307692307 0.109375
0 0.12139423076923077 0.24879807692307693 0.12740384615384615 0.171875
0 0.12620192307692307 0.41586538461538464 0.125 0.17668269230769232
0 0.12620192307692307 0.5817307692307693 0.12980769230769232 0.16947115384615385
0 0.12620192307692307 0.7620192307692307 0.140625 0.20673076923076922
0 0.28846153846153844 0.1875 0.0985576923076923 0.125
0 0.2932692307692308 0.30649038461538464 0.17427884615384615 0.15985576923076922
0 0.29927884615384615 0.43990384615384615 0.17548076923076922 0.15745192307692307
0 0.3016826923076923 0.5901442307692307 0.20673076923076922 0.1971153846153846
0 0.3076923076923077 0.7632211538461539 0.20072115384615385 0.18990384615384615
0 0.6033653846153846 0.20192307692307693 0.10216346153846154 0.09014423076923077
0 0.6141826923076923 0.31490384615384615 0.18028846153846154 0.13942307692307693
0 0.6117788461538461 0.47115384615384615 0.2091346153846154 0.18509615384615385
0 0.609375 0.6586538461538461 0.20673076923076922 0.17908653846153846
0 0.47115384615384615 0.7680288461538461 0.11778846153846154 0.16947115384615385
0 0.4423076923076923 0.26322115384615385 0.0889423076923077 0.0829326923076923
0 0.4543269230769231 0.36899038461538464 0.109375 0.15504807692307693