0 0.10817307692307693 0.09975961538461539 0.21634615384615385 0.19951923076923078
0 0.35336538461538464 0.09495192307692307 0.25 0.18990384615384615
0 0.6237980769230769 0.10216346153846154 0.2644230769230769 0.20432692307692307
0 0.11057692307692307 0.390625 0.22115384615384615 0.38221153846153844
0 0.3557692307692308 0.38822115384615385 0.2608173076923077 0.3870192307692308
0 0.6213942307692307 0.39903846153846156 0.2704326923076923 0.3918269230769231
0 0.8774038461538461 0.4098557692307692 0.23798076923076922 0.38822115384615385
0 0.11538461538461539 0.7451923076923077 0.22956730769230768 0.3173076923076923
0 0.3641826923076923 0.7415865384615384 0.2536057692307692 0.3161057692307692
0 0.625 0.7524038461538461 0.27163461538461536 0.30408653846153844
0 0.8810096153846154 0.7548076923076923 0.23798076923076922 0.3088942307692308