0 0.14302884615384615 0.21634615384615385 0.2620192307692308 0.25
0 0.4182692307692308 0.2127403846153846 0.265625 0.25721153846153844
0 0.6887019230769231 0.21514423076923078 0.26802884615384615 0.25841346153846156
0 0.9146634615384616 0.21153846153846154 0.17067307692307693 0.2644230769230769
0 0.04567307692307692 0.46274038461538464 0.09134615384615384 0.24759615384615385
0 0.18269230769230768 0.46153846153846156 0.1778846153846154 0.25
0 0.3641826923076923 0.4675480769230769 0.18028846153846154 0.24879807692307693
0 0.546875 0.47115384615384615 0.17668269230769232 0.2439903846153846
0 0.7271634615384616 0.4699519230769231 0.17908653846153846 0.2512019230769231
0 0.9098557692307693 0.4735576923076923 0.17908653846153846 0.24879807692307693
0 0.125 0.7163461538461539 0.25 0.2536057692307692
0 0.3894230769230769 0.7211538461538461 0.2668269230769231 0.24879807692307693
0 0.6622596153846154 0.7247596153846154 0.2608173076923077 0.24639423076923078
0 0.8978365384615384 0.7247596153846154 0.20432692307692307 0.24759615384615385