0 0.9302884615384616 0.24519230769230768 0.13942307692307693 0.14423076923076922
0 0.9326923076923077 0.39302884615384615 0.13341346153846154 0.14423076923076922
0 0.7980769230769231 0.3894230769230769 0.13221153846153846 0.15384615384615385
0 0.9362980769230769 0.5348557692307693 0.12740384615384615 0.14543269230769232
0 0.8004807692307693 0.5360576923076923 0.14182692307692307 0.1502403846153846
0 0.6538461538461539 0.5288461538461539 0.14302884615384615 0.14543269230769232
0 0.5168269230769231 0.6754807692307693 0.140625 0.14302884615384615
0 0.9338942307692307 0.6730769230769231 0.13221153846153846 0.14302884615384615
0 0.7992788461538461 0.6754807692307693 0.13942307692307693 0.13942307692307693
0 0.65625 0.6754807692307693 0.13822115384615385 0.14302884615384615
0 0.9350961538461539 0.8100961538461539 0.12860576923076922 0.13701923076923078
0 0.8028846153846154 0.8100961538461539 0.13701923076923078 0.13701923076923078
0 0.6610576923076923 0.8088942307692307 0.13822115384615385 0.13581730769230768
0 0.5252403846153846 0.8100961538461539 0.13822115384615385 0.13341346153846154
0 0.3858173076923077 0.8112980769230769 0.13822115384615385 0.13341346153846154
0 0.24639423076923078 0.8064903846153846 0.140625 0.13942307692307693
0 0.10817307692307693 0.8064903846153846 0.140625 0.14302884615384615
0 0.9326923076923077 0.9375 0.1346153846153846 0.12379807692307693
0 0.7980769230769231 0.9350961538461539 0.13581730769230768 0.1201923076923077
0 0.6622596153846154 0.9375 0.13942307692307693 0.12259615384615384
0 0.5252403846153846 0.9387019230769231 0.13581730769230768 0.1201923076923077
0 0.3894230769230769 0.9362980769230769 0.13581730769230768 0.1201923076923077
0 0.2512019230769231 0.9387019230769231 0.13942307692307693 0.11658653846153846
0 0.11057692307692307 0.9362980769230769 0.14302884615384615 0.125