0 0.15985576923076922 0.515625 0.16947115384615385 0.19831730769230768
0 0.15745192307692307 0.7139423076923077 0.17067307692307693 0.203125
0 0.33653846153846156 0.3245192307692308 0.16466346153846154 0.19591346153846154
0 0.33052884615384615 0.5180288461538461 0.16826923076923078 0.19591346153846154
0 0.33413461538461536 0.7103365384615384 0.16826923076923078 0.19831730769230768
0 0.5036057692307693 0.3269230769230769 0.16466346153846154 0.18990384615384615
0 0.5036057692307693 0.5168269230769231 0.16346153846153846 0.19831730769230768
0 0.5024038461538461 0.7067307692307693 0.1658653846153846 0.1935096153846154
0 0.6694711538461539 0.328125 0.15745192307692307 0.19230769230769232
0 0.6730769230769231 0.5180288461538461 0.16105769230769232 0.19230769230769232
0 0.6754807692307693 0.7067307692307693 0.1622596153846154 0.19831730769230768