0 0.09495192307692307 0.20673076923076922 0.18990384615384615 0.13942307692307693
0 0.11298076923076923 0.11177884615384616 0.22596153846153846 0.040865384615384616
0 0.30528846153846156 0.20552884615384615 0.1045673076923077 0.2704326923076923
0 0.20192307692307693 0.04447115384615385 0.28966346153846156 0.0889423076923077
0 0.5216346153846154 0.06370192307692307 0.30288461538461536 0.12620192307692307
0 0.8377403846153846 0.06009615384615385 0.3004807692307692 0.1201923076923077
0 0.5324519230769231 0.27403846153846156 0.3088942307692308 0.31009615384615385
0 0.8413461538461539 0.265625 0.3161057692307692 0.3076923076923077
0 0.09615384615384616 0.3485576923076923 0.19230769230769232 0.13942307692307693
0 0.28966346153846156 0.4362980769230769 0.18269230769230768 0.18629807692307693
0 0.09495192307692307 0.5721153846153846 0.18990384615384615 0.30288461538461536
0 0.2824519230769231 0.6298076923076923 0.18269230769230768 0.20793269230769232
0 0.4879807692307692 0.5841346153846154 0.2127403846153846 0.3161057692307692
0 0.71875 0.5793269230769231 0.2512019230769231 0.3112980769230769
0 0.9206730769230769 0.5144230769230769 0.15384615384615385 0.20192307692307693
0 0.1466346153846154 0.8161057692307693 0.2920673076923077 0.18028846153846154
0 0.4795673076923077 0.8233173076923077 0.3762019230769231 0.16826923076923078
0 0.7776442307692307 0.8221153846153846 0.22115384615384615 0.1778846153846154
0 0.9411057692307693 0.7644230769230769 0.11778846153846154 0.2920673076923077