0 0.12379807692307693 0.49158653846153844 0.17908653846153846 0.15985576923076922
0 0.328125 0.5384615384615384 0.20192307692307693 0.17427884615384615
0 0.13942307692307693 0.6165865384615384 0.18629807692307693 0.16105769230769232
0 0.328125 0.6634615384615384 0.20192307692307693 0.17307692307692307
0 0.14182692307692307 0.7355769230769231 0.18389423076923078 0.1658653846153846
0 0.3293269230769231 0.7884615384615384 0.19471153846153846 0.17067307692307693
0 0.6442307692307693 0.18870192307692307 0.2439903846153846 0.17908653846153846
0 0.6394230769230769 0.328125 0.23197115384615385 0.17427884615384615
0 0.6442307692307693 0.4699519230769231 0.23557692307692307 0.17908653846153846
0 0.6490384615384616 0.6045673076923077 0.234375 0.1875
0 0.65625 0.7439903846153846 0.23677884615384615 0.1875
0 0.8858173076923077 0.21514423076923078 0.22596153846153846 0.18389423076923078
0 0.8846153846153846 0.3701923076923077 0.22716346153846154 0.17427884615384615
0 0.8870192307692307 0.5108173076923077 0.22355769230769232 0.18629807692307693
0 0.8870192307692307 0.6586538461538461 0.21875 0.18629807692307693
0 0.8882211538461539 0.7980769230769231 0.22355769230769232 0.1971153846153846