0 0.5372596153846154 0.5432692307692307 0.14182692307692307 0.1971153846153846
0 0.22956730769230768 0.19110576923076922 0.14423076923076922 0.17668269230769232
0 0.20673076923076922 0.3713942307692308 0.14903846153846154 0.18269230769230768
0 0.3762019230769231 0.3762019230769231 0.14903846153846154 0.17668269230769232
0 0.8052884615384616 0.7259615384615384 0.12980769230769232 0.17067307692307693
0 0.6045673076923077 0.7295673076923077 0.14783653846153846 0.18269230769230768
0 0.3605769230769231 0.5564903846153846 0.14783653846153846 0.18509615384615385
0 0.20432692307692307 0.5552884615384616 0.14903846153846154 0.17908653846153846
0 0.14543269230769232 0.7355769230769231 0.14783653846153846 0.1814903846153846
0 0.453125 0.7319711538461539 0.1502403846153846 0.17908653846153846
0 0.3016826923076923 0.7367788461538461 0.1502403846153846 0.17908653846153846