0 0.6802884615384616 0.19471153846153846 0.17548076923076922 0.15985576923076922
0 0.5913461538461539 0.3485576923076923 0.17548076923076922 0.15745192307692307
0 0.41586538461538464 0.3485576923076923 0.17427884615384615 0.16105769230769232
0 0.5072115384615384 0.19110576923076922 0.17548076923076922 0.15144230769230768
0 0.3293269230769231 0.19471153846153846 0.17668269230769232 0.15745192307692307
0 0.2403846153846154 0.3485576923076923 0.17908653846153846 0.15625
0 0.23918269230769232 0.5024038461538461 0.17427884615384615 0.14783653846153846
0 0.41346153846153844 0.5012019230769231 0.17307692307692307 0.15625
0 0.7632211538461539 0.6598557692307693 0.17307692307692307 0.1502403846153846
0 0.7692307692307693 0.34975961538461536 0.17908653846153846 0.15745192307692307
0 0.7644230769230769 0.5060096153846154 0.17668269230769232 0.15384615384615385
0 0.5901442307692307 0.5060096153846154 0.17427884615384615 0.15384615384615385
0 0.5865384615384616 0.65625 0.18028846153846154 0.15144230769230768
0 0.4110576923076923 0.6538461538461539 0.17427884615384615 0.1466346153846154
0 0.23677884615384615 0.6514423076923077 0.17427884615384615 0.1466346153846154