0 0.11177884615384616 0.14182692307692307 0.22355769230769232 0.20673076923076922
0 0.3798076923076923 0.14423076923076922 0.2956730769230769 0.203125
0 0.10697115384615384 0.36177884615384615 0.2127403846153846 0.203125
0 0.3798076923076923 0.3629807692307692 0.2956730769230769 0.21153846153846154
0 0.10817307692307693 0.5745192307692307 0.21634615384615385 0.22235576923076922
0 0.10096153846153846 0.7848557692307693 0.20192307692307693 0.2091346153846154
0 0.3713942307692308 0.5793269230769231 0.29086538461538464 0.21394230769230768
0 0.6442307692307693 0.15144230769230768 0.2283653846153846 0.22596153846153846
0 0.8954326923076923 0.12259615384615384 0.2091346153846154 0.2439903846153846
0 0.6478365384615384 0.36778846153846156 0.24158653846153846 0.22115384615384615
0 0.8954326923076923 0.37259615384615385 0.2091346153846154 0.24639423076923078
0 0.8966346153846154 0.6201923076923077 0.20552884615384615 0.23918269230769232
0 0.36778846153846156 0.7860576923076923 0.30288461538461536 0.20793269230769232
0 0.6117788461538461 0.8365384615384616 0.3425480769230769 0.1346153846153846
0 0.6442307692307693 0.5805288461538461 0.24158653846153846 0.21033653846153846