0 0.7487980769230769 0.6358173076923077 0.15745192307692307 0.11778846153846154
0 0.5913461538461539 0.7764423076923077 0.20673076923076922 0.17908653846153846
0 0.42788461538461536 0.49038461538461536 0.1971153846153846 0.17548076923076922
0 0.5829326923076923 0.5384615384615384 0.11177884615384616 0.0889423076923077
0 0.17427884615384615 0.6454326923076923 0.16466346153846154 0.12379807692307693
0 0.34375 0.8233173076923077 0.19831730769230768 0.20072115384615385
0 0.21033653846153846 0.5240384615384616 0.16947115384615385 0.10817307692307693
0 0.5721153846153846 0.6322115384615384 0.16466346153846154 0.109375
0 0.8401442307692307 0.7896634615384616 0.21754807692307693 0.1875
0 0.375 0.6346153846153846 0.16346153846153846 0.11057692307692307
0 0.15745192307692307 0.7992788461538461 0.17908653846153846 0.18509615384615385