0 0.5168269230769231 0.7644230769230769 0.1622596153846154 0.25240384615384615
0 0.5228365384615384 0.5552884615384616 0.15625 0.16466346153846154
0 0.5552884615384616 0.45072115384615385 0.08413461538461539 0.04567307692307692
0 0.5612980769230769 0.39663461538461536 0.0673076923076923 0.06009615384615385
0 0.46153846153846156 0.40865384615384615 0.09975961538461539 0.125
0 0.36899038461538464 0.3737980769230769 0.08173076923076923 0.052884615384615384
0 0.359375 0.31490384615384615 0.06971153846153846 0.057692307692307696
0 0.2668269230769231 0.36899038461538464 0.07451923076923077 0.12379807692307693
0 0.19591346153846154 0.5444711538461539 0.1502403846153846 0.20432692307692307
0 0.17548076923076922 0.7728365384615384 0.19831730769230768 0.26322115384615385
0 0.35697115384615385 0.5733173076923077 0.1346153846153846 0.16706730769230768
0 0.3485576923076923 0.44471153846153844 0.11899038461538461 0.08533653846153846
0 0.33413461538461536 0.7800480769230769 0.1658653846153846 0.23677884615384615