0 0.08052884615384616 0.09735576923076923 0.15985576923076922 0.19471153846153846
0 0.0733173076923077 0.32091346153846156 0.1466346153846154 0.22956730769230768
0 0.3629807692307692 0.11057692307692307 0.4074519230769231 0.22115384615384615
0 0.25 0.3329326923076923 0.19110576923076922 0.23317307692307693
0 0.44591346153846156 0.34134615384615385 0.19591346153846154 0.234375
0 0.0829326923076923 0.5492788461538461 0.16466346153846154 0.21995192307692307
0 0.3701923076923077 0.5576923076923077 0.4170673076923077 0.21754807692307693
0 0.6478365384615384 0.328125 0.2127403846153846 0.2439903846153846
0 0.0733173076923077 0.7824519230769231 0.1466346153846154 0.21995192307692307
0 0.2439903846153846 0.7824519230769231 0.19951923076923078 0.2283653846153846
0 0.4411057692307692 0.7824519230769231 0.203125 0.23677884615384615
0 0.7848557692307693 0.10697115384615384 0.43028846153846156 0.21394230769230768
0 0.8737980769230769 0.32091346153846156 0.203125 0.23798076923076922
0 0.796875 0.5480769230769231 0.4050480769230769 0.23197115384615385
0 0.6754807692307693 0.7848557692307693 0.20192307692307693 0.23677884615384615
0 0.8810096153846154 0.7896634615384616 0.19951923076923078 0.23798076923076922