0 0.7536057692307693 0.4182692307692308 0.12860576923076922 0.18389423076923078
0 0.7836538461538461 0.6153846153846154 0.17427884615384615 0.23317307692307693
0 0.4807692307692308 0.47596153846153844 0.11899038461538461 0.16947115384615385
0 0.6165865384615384 0.3858173076923077 0.11899038461538461 0.17307692307692307
0 0.33533653846153844 0.2932692307692308 0.12740384615384615 0.17908653846153846
0 0.3425480769230769 0.46875 0.14302884615384615 0.18509615384615385
0 0.2776442307692308 0.6430288461538461 0.23076923076923078 0.17427884615384615
0 0.46634615384615385 0.6454326923076923 0.14423076923076922 0.16105769230769232
0 0.6105769230769231 0.6610576923076923 0.13822115384615385 0.12379807692307693
0 0.6165865384615384 0.5348557692307693 0.14783653846153846 0.13341346153846154
0 0.20072115384615385 0.43990384615384615 0.1466346153846154 0.23317307692307693