0 0.06971153846153846 0.19110576923076922 0.13822115384615385 0.20072115384615385
0 0.06850961538461539 0.38822115384615385 0.13701923076923078 0.18509615384615385
0 0.07211538461538461 0.5721153846153846 0.14423076923076922 0.17908653846153846
0 0.2512019230769231 0.17668269230769232 0.21754807692307693 0.1935096153846154
0 0.46634615384615385 0.18028846153846154 0.2127403846153846 0.18629807692307693
0 0.6790865384615384 0.18389423076923078 0.20793269230769232 0.18629807692307693
0 0.25 0.3737980769230769 0.21514423076923078 0.18269230769230768
0 0.4651442307692308 0.3762019230769231 0.2091346153846154 0.18269230769230768
0 0.07451923076923077 0.5733173076923077 0.14783653846153846 0.1814903846153846
0 0.2512019230769231 0.5588942307692307 0.21033653846153846 0.1778846153846154
0 0.6995192307692307 0.4254807692307692 0.21394230769230768 0.19831730769230768
0 0.46153846153846156 0.5504807692307693 0.203125 0.17908653846153846
0 0.0733173076923077 0.7536057692307693 0.1466346153846154 0.18509615384615385
0 0.2536057692307692 0.7391826923076923 0.21033653846153846 0.18509615384615385
0 0.4579326923076923 0.7235576923076923 0.20072115384615385 0.1778846153846154
0 0.65625 0.7067307692307693 0.19230769230769232 0.17307692307692307
0 0.6490384615384616 0.8461538461538461 0.1875 0.125
0 0.8413461538461539 0.8413461538461539 0.19230769230769232 0.12379807692307693
0 0.8497596153846154 0.7019230769230769 0.19591346153846154 0.16346153846153846
0 0.8569711538461539 0.5336538461538461 0.203125 0.17307692307692307
0 0.8858173076923077 0.16947115384615385 0.20793269230769232 0.19110576923076922
0 0.875 0.35336538461538464 0.19831730769230768 0.17668269230769232