0 0.1141826923076923 0.1502403846153846 0.2283653846153846 0.3004807692307692
0 0.35216346153846156 0.14783653846153846 0.2620192307692308 0.2956730769230769
0 0.6298076923076923 0.1502403846153846 0.25 0.2920673076923077
0 0.8810096153846154 0.14423076923076922 0.23677884615384615 0.28846153846153844
0 0.11658653846153846 0.44350961538461536 0.23317307692307693 0.31009615384615385
0 0.36658653846153844 0.44711538461538464 0.2644230769230769 0.30288461538461536
0 0.6430288461538461 0.4362980769230769 0.2620192307692308 0.2920673076923077
0 0.8954326923076923 0.4411057692307692 0.2091346153846154 0.3016826923076923
0 0.11538461538461539 0.7295673076923077 0.23076923076923078 0.2776442307692308
0 0.359375 0.7379807692307693 0.265625 0.2980769230769231
0 0.6286057692307693 0.7415865384615384 0.2644230769230769 0.3161057692307692
0 0.8918269230769231 0.7572115384615384 0.21634615384615385 0.3076923076923077