0 0.08774038461538461 0.4338942307692308 0.17427884615384615 0.17307692307692307
0 0.26802884615384615 0.4362980769230769 0.18990384615384615 0.17307692307692307
0 0.47115384615384615 0.44350961538461536 0.1875 0.1778846153846154
0 0.6670673076923077 0.4423076923076923 0.18990384615384615 0.17548076923076922
0 0.8810096153846154 0.44711538461538464 0.20673076923076922 0.18509615384615385
0 0.0625 0.6009615384615384 0.12379807692307693 0.16466346153846154
0 0.1875 0.5997596153846154 0.13221153846153846 0.15985576923076922
0 0.32211538461538464 0.6009615384615384 0.12860576923076922 0.15865384615384615
0 0.45072115384615385 0.6105769230769231 0.12860576923076922 0.16466346153846154
0 0.5793269230769231 0.6117788461538461 0.12860576923076922 0.16346153846153846
0 0.7091346153846154 0.6081730769230769 0.12860576923076922 0.15625
0 0.8786057692307693 0.6286057692307693 0.20793269230769232 0.171875
0 0.078125 0.7620192307692307 0.15625 0.15384615384615385
0 0.25 0.7620192307692307 0.1814903846153846 0.16105769230769232
0 0.47115384615384615 0.7704326923076923 0.18028846153846154 0.15985576923076922
0 0.6658653846153846 0.7740384615384616 0.18629807692307693 0.1622596153846154
0 0.859375 0.7920673076923077 0.20072115384615385 0.14903846153846154