0 0.18509615384615385 0.2091346153846154 0.1622596153846154 0.25600961538461536
0 0.3545673076923077 0.21153846153846154 0.15625 0.26322115384615385
0 0.5108173076923077 0.21153846153846154 0.16105769230769232 0.25600961538461536
0 0.6730769230769231 0.21153846153846154 0.16105769230769232 0.25841346153846156
0 0.8329326923076923 0.21514423076923078 0.16346153846153846 0.2668269230769231
0 0.18028846153846154 0.4891826923076923 0.1658653846153846 0.2764423076923077
0 0.3449519230769231 0.49399038461538464 0.16466346153846154 0.27163461538461536
0 0.5108173076923077 0.47836538461538464 0.1622596153846154 0.2776442307692308
0 0.6778846153846154 0.4891826923076923 0.15865384615384615 0.2668269230769231
0 0.8377403846153846 0.49038461538461536 0.16706730769230768 0.28125
0 0.18028846153846154 0.7403846153846154 0.21033653846153846 0.23317307692307693
0 0.38822115384615385 0.7415865384615384 0.20192307692307693 0.22596153846153846
0 0.6045673076923077 0.7536057692307693 0.20552884615384615 0.23197115384615385
0 0.8161057692307693 0.7463942307692307 0.20793269230769232 0.23076923076923078