0 0.08052884615384616 0.04567307692307692 0.15985576923076922 0.09134615384615384
0 0.08653846153846154 0.17668269230769232 0.17307692307692307 0.17908653846153846
0 0.08774038461538461 0.4735576923076923 0.17548076923076922 0.4266826923076923
0 0.25721153846153844 0.140625 0.16947115384615385 0.2091346153846154
0 0.2536057692307692 0.46033653846153844 0.15504807692307693 0.4423076923076923
0 0.40384615384615385 0.24519230769230768 0.11298076923076923 0.4182692307692308
0 0.5973557692307693 0.051682692307692304 0.25721153846153844 0.10336538461538461
0 0.5925480769230769 0.2764423076923077 0.25961538461538464 0.3605769230769231
0 0.8617788461538461 0.06009615384615385 0.27163461538461536 0.1201923076923077
0 0.8653846153846154 0.15745192307692307 0.2692307692307692 0.10336538461538461
0 0.8629807692307693 0.27283653846153844 0.27283653846153844 0.13942307692307693
0 0.8798076923076923 0.484375 0.2403846153846154 0.29086538461538464
0 0.5600961538461539 0.5889423076923077 0.40024038461538464 0.2692307692307692
0 0.13341346153846154 0.8161057692307693 0.2668269230769231 0.1971153846153846
0 0.5228365384615384 0.8341346153846154 0.5048076923076923 0.15384615384615385
0 0.9098557692307693 0.8185096153846154 0.18028846153846154 0.17908653846153846