0 0.12620192307692307 0.13701923076923078 0.25240384615384615 0.27403846153846156
0 0.3918269230769231 0.13701923076923078 0.2512019230769231 0.27283653846153844
0 0.65625 0.13822115384615385 0.2512019230769231 0.27524038461538464
0 0.9026442307692307 0.13341346153846154 0.19471153846153846 0.2668269230769231
0 0.13221153846153846 0.4567307692307692 0.2644230769230769 0.3425480769230769
0 0.4014423076923077 0.453125 0.25841346153846156 0.3425480769230769
0 0.6694711538461539 0.45552884615384615 0.24519230769230768 0.3557692307692308
0 0.8978365384615384 0.44591346153846156 0.20432692307692307 0.3485576923076923
0 0.125 0.7704326923076923 0.25 0.27163461538461536
0 0.390625 0.7704326923076923 0.25961538461538464 0.2824519230769231
0 0.6598557692307693 0.7680288461538461 0.2620192307692308 0.28125
0 0.8942307692307693 0.765625 0.21033653846153846 0.2920673076923077