0 0.06370192307692307 0.13822115384615385 0.12620192307692307 0.2403846153846154
0 0.056490384615384616 0.39302884615384615 0.11298076923076923 0.2283653846153846
0 0.03365384615384615 0.6754807692307693 0.0673076923076923 0.2247596153846154
0 0.27403846153846156 0.14423076923076922 0.2644230769230769 0.22716346153846154
0 0.25600961538461536 0.38341346153846156 0.24879807692307693 0.22596153846153846
0 0.5384615384615384 0.14543269230769232 0.24879807692307693 0.24158653846153846
0 0.5252403846153846 0.3786057692307692 0.24519230769230768 0.22596153846153846
0 0.22956730769230768 0.6370192307692307 0.24759615384615385 0.22235576923076922
0 0.49399038461538464 0.6225961538461539 0.23317307692307693 0.22596153846153846
0 0.7548076923076923 0.6177884615384616 0.2620192307692308 0.22956730769230768
0 0.20072115384615385 0.8509615384615384 0.2439903846153846 0.12740384615384615
0 0.4807692307692308 0.8365384615384616 0.25 0.14302884615384615
0 0.7932692307692307 0.13822115384615385 0.25240384615384615 0.22956730769230768
0 0.765625 0.38461538461538464 0.23798076923076922 0.2247596153846154
0 0.7307692307692307 0.8112980769230769 0.2620192307692308 0.20793269230769232