0 0.1201923076923077 0.1346153846153846 0.2403846153846154 0.2692307692307692
0 0.37740384615384615 0.14423076923076922 0.2620192307692308 0.28846153846153844
0 0.12139423076923077 0.43028846153846156 0.24278846153846154 0.3269230769230769
0 0.375 0.4423076923076923 0.2620192307692308 0.3125
0 0.6526442307692307 0.15504807692307693 0.27283653846153844 0.31009615384615385
0 0.9002403846153846 0.13581730769230768 0.19951923076923078 0.27163461538461536
0 0.6574519230769231 0.4723557692307692 0.2848557692307692 0.3401442307692308
0 0.9038461538461539 0.4362980769230769 0.19110576923076922 0.33413461538461536
0 0.11778846153846154 0.7463942307692307 0.23557692307692307 0.3125
0 0.38461538461538464 0.7548076923076923 0.25721153846153844 0.3125
0 0.6658653846153846 0.7836538461538461 0.2824519230769231 0.2824519230769231
0 0.90625 0.7620192307692307 0.18629807692307693 0.32091346153846156