0 0.08653846153846154 0.5384615384615384 0.17307692307692307 0.25841346153846156
0 0.0889423076923077 0.7956730769230769 0.1778846153846154 0.23557692307692307
0 0.265625 0.2824519230769231 0.20192307692307693 0.27283653846153844
0 0.47596153846153844 0.07451923076923077 0.20673076923076922 0.14903846153846154
0 0.6862980769230769 0.07932692307692307 0.20793269230769232 0.15865384615384615
0 0.8882211538461539 0.07211538461538461 0.2091346153846154 0.14423076923076922
0 0.47475961538461536 0.2800480769230769 0.2127403846153846 0.25961538461538464
0 0.6814903846153846 0.28125 0.203125 0.24759615384615385
0 0.8918269230769231 0.27524038461538464 0.20432692307692307 0.25961538461538464
0 0.27283653846153844 0.5408653846153846 0.203125 0.26322115384615385
0 0.48197115384615385 0.5372596153846154 0.203125 0.2620192307692308
0 0.6862980769230769 0.5348557692307693 0.20072115384615385 0.2668269230769231
0 0.8942307692307693 0.5396634615384616 0.20432692307692307 0.2668269230769231
0 0.27403846153846156 0.7932692307692307 0.20072115384615385 0.23918269230769232
0 0.4831730769230769 0.7848557692307693 0.20072115384615385 0.23798076923076922
0 0.6875 0.7896634615384616 0.20793269230769232 0.23918269230769232
0 0.8942307692307693 0.7872596153846154 0.19831730769230768 0.24278846153846154