0 0.08533653846153846 0.052884615384615384 0.17067307692307693 0.10576923076923077
0 0.265625 0.046875 0.19110576923076922 0.09375
0 0.4543269230769231 0.04807692307692308 0.18269230769230768 0.09615384615384616
0 0.625 0.07451923076923077 0.16826923076923078 0.14903846153846154
0 0.8088942307692307 0.06610576923076923 0.171875 0.13221153846153846
0 0.078125 0.23076923076923078 0.15504807692307693 0.24639423076923078
0 0.23918269230769232 0.22355769230769232 0.18269230769230768 0.2439903846153846
0 0.9495192307692307 0.07572115384615384 0.10096153846153846 0.15144230769230768
0 0.9290865384615384 0.26802884615384615 0.14182692307692307 0.22235576923076922
0 0.4182692307692308 0.23197115384615385 0.18629807692307693 0.25
0 0.5925480769230769 0.28125 0.17067307692307693 0.25600961538461536
0 0.7644230769230769 0.2644230769230769 0.17067307692307693 0.265625
0 0.06370192307692307 0.47716346153846156 0.12740384615384615 0.2091346153846154
0 0.21153846153846154 0.4675480769230769 0.17908653846153846 0.23197115384615385
0 0.3786057692307692 0.47716346153846156 0.17668269230769232 0.2091346153846154
0 0.5540865384615384 0.5264423076923077 0.17307692307692307 0.23317307692307693
0 0.7259615384615384 0.5168269230769231 0.171875 0.23798076923076922
0 0.8954326923076923 0.49759615384615385 0.17067307692307693 0.24519230769230768
0 0.042067307692307696 0.6983173076923077 0.0829326923076923 0.21033653846153846
0 0.16706730769230768 0.7079326923076923 0.16947115384615385 0.23317307692307693
0 0.3329326923076923 0.7103365384615384 0.16466346153846154 0.21995192307692307
0 0.5 0.7331730769230769 0.1658653846153846 0.19591346153846154
0 0.6694711538461539 0.7307692307692307 0.16947115384615385 0.19591346153846154
0 0.8341346153846154 0.7175480769230769 0.1622596153846154 0.19951923076923078
0 0.9591346153846154 0.7091346153846154 0.08173076923076923 0.21153846153846154