0 0.056490384615384616 0.07932692307692307 0.11298076923076923 0.15865384615384615
0 0.20552884615384615 0.07932692307692307 0.17548076923076922 0.15865384615384615
0 0.055288461538461536 0.265625 0.11057692307692307 0.21634615384615385
0 0.04326923076923077 0.49158653846153844 0.08653846153846154 0.21153846153846154
0 0.04447115384615385 0.7127403846153846 0.0889423076923077 0.22355769230769232
0 0.20432692307692307 0.27283653846153844 0.17548076923076922 0.22956730769230768
0 0.20192307692307693 0.4963942307692308 0.17548076923076922 0.22115384615384615
0 0.3894230769230769 0.08653846153846154 0.18028846153846154 0.17307692307692307
0 0.3858173076923077 0.27283653846153844 0.17668269230769232 0.22115384615384615
0 0.38221153846153844 0.4951923076923077 0.17067307692307693 0.21634615384615385
0 0.5841346153846154 0.07932692307692307 0.18269230769230768 0.15865384615384615
0 0.8004807692307693 0.07932692307692307 0.1875 0.15865384615384615
0 0.5745192307692307 0.27283653846153844 0.1875 0.22115384615384615
0 0.7752403846153846 0.2800480769230769 0.18389423076923078 0.22596153846153846
0 0.9495192307692307 0.08413461538461539 0.09975961538461539 0.16826923076923078
0 0.9435096153846154 0.2800480769230769 0.11298076923076923 0.21754807692307693
0 0.9326923076923077 0.5108173076923077 0.1346153846153846 0.21875
0 0.7620192307692307 0.5036057692307693 0.1875 0.22596153846153846
0 0.5661057692307693 0.4963942307692308 0.17908653846153846 0.22115384615384615
0 0.18990384615384615 0.7115384615384616 0.17548076923076922 0.2283653846153846
0 0.36538461538461536 0.7163461538461539 0.17067307692307693 0.21995192307692307
0 0.5625 0.7223557692307693 0.17668269230769232 0.2247596153846154
0 0.75 0.7319711538461539 0.1875 0.234375
0 0.9230769230769231 0.7379807692307693 0.1466346153846154 0.22235576923076922