0 0.1466346153846154 0.13822115384615385 0.19471153846153846 0.27524038461538464
0 0.34134615384615385 0.14182692307692307 0.19471153846153846 0.2824519230769231
0 0.5360576923076923 0.12980769230769232 0.18990384615384615 0.25841346153846156
0 0.7283653846153846 0.1310096153846154 0.1971153846153846 0.2620192307692308
0 0.9194711538461539 0.125 0.16105769230769232 0.25
0 0.16346153846153846 0.41225961538461536 0.18990384615384615 0.265625
0 0.3701923076923077 0.39302884615384615 0.19591346153846154 0.25721153846153844
0 0.5612980769230769 0.39903846153846156 0.18870192307692307 0.2704326923076923
0 0.75 0.39663461538461536 0.1814903846153846 0.2704326923076923
0 0.9266826923076923 0.390625 0.1466346153846154 0.2668269230769231
0 0.16826923076923078 0.6754807692307693 0.18509615384615385 0.2692307692307692
0 0.036057692307692304 0.6778846153846154 0.07211538461538461 0.2620192307692308
0 0.02403846153846154 0.13581730769230768 0.04807692307692308 0.27163461538461536
0 0.03125 0.40865384615384615 0.0625 0.2692307692307692
0 0.36538461538461536 0.6646634615384616 0.19471153846153846 0.2704326923076923
0 0.5649038461538461 0.6682692307692307 0.1814903846153846 0.28365384615384615
0 0.7512019230769231 0.6658653846153846 0.18269230769230768 0.26802884615384615
0 0.9302884615384616 0.6490384615384616 0.13942307692307693 0.26322115384615385
0 0.19951923076923078 0.8557692307692307 0.17668269230769232 0.1045673076923077
0 0.38221153846153844 0.8557692307692307 0.18509615384615385 0.109375
0 0.5805288461538461 0.8581730769230769 0.1875 0.109375
0 0.7620192307692307 0.8485576923076923 0.19110576923076922 0.10817307692307693
0 0.9278846153846154 0.8461538461538461 0.14302884615384615 0.12740384615384615
0 0.052884615384615384 0.8569711538461539 0.09975961538461539 0.09975961538461539