0 0.12620192307692307 0.07692307692307693 0.21394230769230768 0.15264423076923078
0 0.3401442307692308 0.0733173076923077 0.2127403846153846 0.1466346153846154
0 0.5480769230769231 0.07451923076923077 0.20673076923076922 0.14783653846153846
0 0.7644230769230769 0.07451923076923077 0.2127403846153846 0.14783653846153846
0 0.9362980769230769 0.0733173076923077 0.12740384615384615 0.1466346153846154
0 0.1346153846153846 0.24278846153846154 0.2091346153846154 0.18028846153846154
0 0.35697115384615385 0.23918269230769232 0.20673076923076922 0.171875
0 0.78125 0.23798076923076922 0.2091346153846154 0.17908653846153846
0 0.9423076923076923 0.23677884615384615 0.11538461538461539 0.18028846153846154
0 0.5661057692307693 0.23677884615384615 0.2091346153846154 0.171875
0 0.5384615384615384 0.484375 0.21995192307692307 0.18028846153846154
0 0.7620192307692307 0.4831730769230769 0.21754807692307693 0.17908653846153846
0 0.9435096153846154 0.484375 0.11298076923076923 0.18028846153846154
0 0.10336538461538461 0.6742788461538461 0.20673076923076922 0.18269230769230768
0 0.32091346153846156 0.671875 0.2247596153846154 0.18269230769230768
0 0.5480769230769231 0.6694711538461539 0.21754807692307693 0.19110576923076922
0 0.7728365384615384 0.6706730769230769 0.2247596153846154 0.1935096153846154
0 0.9399038461538461 0.6706730769230769 0.1141826923076923 0.18028846153846154
0 0.1045673076923077 0.8425480769230769 0.2091346153846154 0.1502403846153846
0 0.3245192307692308 0.8413461538461539 0.22115384615384615 0.16105769230769232
0 0.5456730769230769 0.8401442307692307 0.22115384615384615 0.15745192307692307
0 0.7680288461538461 0.8413461538461539 0.2247596153846154 0.16105769230769232
0 0.9387019230769231 0.8389423076923077 0.12259615384615384 0.16346153846153846
0 0.14182692307692307 0.41466346153846156 0.20673076923076922 0.171875
0 0.3425480769230769 0.4110576923076923 0.17548076923076922 0.171875