0 0.6322115384615384 0.2956730769230769 0.29927884615384615 0.30288461538461536
0 0.6286057692307693 0.8257211538461539 0.28725961538461536 0.16466346153846154
0 0.90625 0.32572115384615385 0.1875 0.27403846153846156
0 0.9110576923076923 0.6081730769230769 0.17668269230769232 0.28966346153846156
0 0.9110576923076923 0.828125 0.1778846153846154 0.1466346153846154
0 0.6346153846153846 0.5889423076923077 0.29927884615384615 0.296875
0 0.054086538461538464 0.1045673076923077 0.10817307692307693 0.2091346153846154
0 0.12259615384615384 0.34134615384615385 0.12259615384615384 0.2704326923076923
0 0.1971153846153846 0.11778846153846154 0.1201923076923077 0.23557692307692307
0 0.2848557692307692 0.3641826923076923 0.11778846153846154 0.25721153846153844
0 0.046875 0.6105769230769231 0.09375 0.27283653846153844
0 0.19831730769230768 0.6129807692307693 0.11899038461538461 0.2620192307692308
0 0.11177884615384616 0.8233173076923077 0.12740384615384615 0.16706730769230768
0 0.2776442307692308 0.828125 0.11658653846153846 0.16706730769230768
0 0.3641826923076923 0.12620192307692307 0.11658653846153846 0.22596153846153846