0 0.41225961538461536 0.2764423076923077 0.14182692307692307 0.12379807692307693
0 0.5709134615384616 0.056490384615384616 0.14783653846153846 0.11298076923076923
0 0.5649038461538461 0.16105769230769232 0.14543269230769232 0.11057692307692307
0 0.5600961538461539 0.28365384615384615 0.14543269230769232 0.12259615384615384
0 0.7259615384615384 0.05048076923076923 0.1502403846153846 0.10096153846153846
0 0.8918269230769231 0.037259615384615384 0.15144230769230768 0.07451923076923077
0 0.7223557692307693 0.14783653846153846 0.14783653846153846 0.11778846153846154
0 0.8737980769230769 0.13942307692307693 0.14783653846153846 0.1310096153846154
0 0.7223557692307693 0.26802884615384615 0.14543269230769232 0.12620192307692307
0 0.8677884615384616 0.2620192307692308 0.14543269230769232 0.125
0 0.40625 0.39663461538461536 0.14302884615384615 0.11177884615384616
0 0.5528846153846154 0.4026442307692308 0.140625 0.1201923076923077
0 0.7067307692307693 0.3870192307692308 0.15384615384615385 0.11658653846153846
0 0.8605769230769231 0.38221153846153844 0.15144230769230768 0.1141826923076923
0 0.5540865384615384 0.5264423076923077 0.14543269230769232 0.12620192307692307
0 0.7019230769230769 0.5072115384615384 0.14783653846153846 0.1201923076923077
0 0.859375 0.5036057692307693 0.14302884615384615 0.1201923076923077
0 0.9819711538461539 0.14903846153846154 0.03485576923076923 0.12980769230769232
0 0.9723557692307693 0.2776442307692308 0.054086538461538464 0.12139423076923077
0 0.9735576923076923 0.3954326923076923 0.052884615384615384 0.11538461538461539
0 0.9663461538461539 0.5096153846153846 0.06610576923076923 0.09735576923076923
0 0.018028846153846152 0.057692307692307696 0.036057692307692304 0.11538461538461539
0 0.018028846153846152 0.17548076923076922 0.036057692307692304 0.12259615384615384
0 0.018028846153846152 0.2932692307692308 0.036057692307692304 0.11899038461538461
0 0.02283653846153846 0.4098557692307692 0.04567307692307692 0.11778846153846154
0 0.025240384615384616 0.5276442307692307 0.04927884615384615 0.11057692307692307
0 0.026442307692307692 0.6346153846153846 0.052884615384615384 0.10697115384615384
0 0.028846153846153848 0.7487980769230769 0.057692307692307696 0.11658653846153846
0 0.028846153846153848 0.8605769230769231 0.057692307692307696 0.10576923076923077
0 0.5528846153846154 0.6442307692307693 0.14783653846153846 0.11778846153846154
0 0.265625 0.7524038461538461 0.13341346153846154 0.109375
0 0.40384615384615385 0.7451923076923077 0.14182692307692307 0.11538461538461539
0 0.5516826923076923 0.7512019230769231 0.140625 0.1045673076923077
0 0.7091346153846154 0.6286057692307693 0.14423076923076922 0.125
0 0.8581730769230769 0.6237980769230769 0.15264423076923078 0.11899038461538461
0 0.9663461538461539 0.6177884615384616 0.0673076923076923 0.11899038461538461
0 0.7019230769230769 0.7487980769230769 0.14903846153846154 0.11658653846153846
0 0.8497596153846154 0.7403846153846154 0.14903846153846154 0.12259615384615384
0 0.9627403846153846 0.7355769230769231 0.07451923076923077 0.11538461538461539
0 0.2704326923076923 0.859375 0.13822115384615385 0.10336538461538461
0 0.4074519230769231 0.8581730769230769 0.13942307692307693 0.109375
0 0.5528846153846154 0.8557692307692307 0.13942307692307693 0.11538461538461539
0 0.6935096153846154 0.8569711538461539 0.14302884615384615 0.10576923076923077
0 0.8413461538461539 0.8605769230769231 0.15144230769230768 0.10576923076923077
0 0.9579326923076923 0.8521634615384616 0.0829326923076923 0.11057692307692307
0 0.11538461538461539 0.04807692307692308 0.14423076923076922 0.09615384615384616
0 0.4170673076923077 0.15504807692307693 0.14423076923076922 0.12620192307692307
0 0.41586538461538464 0.04927884615384615 0.14423076923076922 0.09735576923076923
0 0.2644230769230769 0.051682692307692304 0.14783653846153846 0.10216346153846154
0 0.25841346153846156 0.1502403846153846 0.1502403846153846 0.1502403846153846
0 0.2644230769230769 0.2704326923076923 0.1502403846153846 0.13822115384615385
0 0.25841346153846156 0.3870192307692308 0.14543269230769232 0.13341346153846154
0 0.25240384615384615 0.5072115384615384 0.14182692307692307 0.13942307692307693
0 0.2548076923076923 0.6262019230769231 0.13942307692307693 0.13822115384615385
0 0.4098557692307692 0.6310096153846154 0.14423076923076922 0.11177884615384616
0 0.4098557692307692 0.515625 0.14182692307692307 0.12620192307692307
0 0.1141826923076923 0.15865384615384615 0.14302884615384615 0.125
0 0.11778846153846154 0.28125 0.14423076923076922 0.12139423076923077
0 0.11538461538461539 0.39783653846153844 0.1346153846153846 0.11899038461538461
0 0.11658653846153846 0.5192307692307693 0.13581730769230768 0.12379807692307693
0 0.12139423076923077 0.6322115384615384 0.13221153846153846 0.11298076923076923
0 0.125 0.7427884615384616 0.1346153846153846 0.11658653846153846
0 0.12740384615384615 0.8545673076923077 0.13942307692307693 0.10576923076923077