0 0.056490384615384616 0.055288461538461536 0.11298076923076923 0.11057692307692307
0 0.21033653846153846 0.055288461538461536 0.18990384615384615 0.11057692307692307
0 0.4074519230769231 0.054086538461538464 0.18990384615384615 0.10817307692307693
0 0.6057692307692307 0.055288461538461536 0.19230769230769232 0.11057692307692307
0 0.7896634615384616 0.051682692307692304 0.1622596153846154 0.10216346153846154
0 0.9375 0.052884615384615384 0.1201923076923077 0.10576923076923077
0 0.040865384615384616 0.22716346153846154 0.08173076923076923 0.23557692307692307
0 0.16346153846153846 0.2283653846153846 0.1466346153846154 0.23798076923076922
0 0.3088942307692308 0.22956730769230768 0.15144230769230768 0.23557692307692307
0 0.46153846153846156 0.2283653846153846 0.14423076923076922 0.23798076923076922
0 0.6081730769230769 0.22596153846153846 0.140625 0.23317307692307693
0 0.7536057692307693 0.22355769230769232 0.140625 0.23197115384615385
0 0.9014423076923077 0.22355769230769232 0.13822115384615385 0.23197115384615385
0 0.06129807692307692 0.4639423076923077 0.12259615384615384 0.2403846153846154
0 0.23677884615384615 0.46634615384615385 0.18870192307692307 0.24158653846153846
0 0.43509615384615385 0.4675480769230769 0.1875 0.234375
0 0.6310096153846154 0.4651442307692308 0.19110576923076922 0.23317307692307693
0 0.8269230769230769 0.46033653846153844 0.17908653846153846 0.23076923076923078
0 0.04567307692307692 0.7055288461538461 0.09014423076923077 0.23197115384615385
0 0.17307692307692307 0.7079326923076923 0.14302884615384615 0.23798076923076922
0 0.32091346153846156 0.703125 0.13701923076923078 0.22956730769230768
0 0.47475961538461536 0.7019230769230769 0.14182692307692307 0.22716346153846154
0 0.6201923076923077 0.7019230769230769 0.13942307692307693 0.23076923076923078
0 0.7644230769230769 0.6911057692307693 0.13581730769230768 0.21995192307692307
0 0.9110576923076923 0.6862980769230769 0.13581730769230768 0.23076923076923078