0 0.1201923076923077 0.23557692307692307 0.19471153846153846 0.23677884615384615
0 0.12620192307692307 0.47716346153846156 0.19471153846153846 0.234375
0 0.11899038461538461 0.7115384615384616 0.1875 0.23918269230769232
0 0.3161057692307692 0.2403846153846154 0.19230769230769232 0.22235576923076922
0 0.3125 0.47836538461538464 0.1875 0.234375
0 0.31009615384615385 0.7091346153846154 0.1935096153846154 0.23557692307692307
0 0.5072115384615384 0.24639423076923078 0.18629807692307693 0.22716346153846154
0 0.5 0.47836538461538464 0.18389423076923078 0.23076923076923078
0 0.4963942307692308 0.7067307692307693 0.18269230769230768 0.23076923076923078
0 0.6971153846153846 0.25 0.18028846153846154 0.234375
0 0.6887019230769231 0.4795673076923077 0.18028846153846154 0.2283653846153846
0 0.6838942307692307 0.7139423076923077 0.18389423076923078 0.23317307692307693
0 0.8858173076923077 0.24759615384615385 0.18269230769230768 0.23798076923076922
0 0.8737980769230769 0.4831730769230769 0.1814903846153846 0.23557692307692307
0 0.8737980769230769 0.7163461538461539 0.18629807692307693 0.23677884615384615