0 0.09495192307692307 0.16706730769230768 0.16466346153846154 0.19951923076923078
0 0.2620192307692308 0.16947115384615385 0.15745192307692307 0.19471153846153846
0 0.4206730769230769 0.16346153846153846 0.15745192307692307 0.20673076923076922
0 0.5793269230769231 0.16346153846153846 0.15865384615384615 0.20192307692307693
0 0.7391826923076923 0.17067307692307693 0.15865384615384615 0.20192307692307693
0 0.90625 0.1658653846153846 0.1622596153846154 0.20192307692307693
0 0.09615384615384616 0.3713942307692308 0.15985576923076922 0.20192307692307693
0 0.2620192307692308 0.3737980769230769 0.15985576923076922 0.19471153846153846
0 0.41947115384615385 0.36778846153846156 0.1466346153846154 0.1935096153846154
0 0.5745192307692307 0.37259615384615385 0.15264423076923078 0.19471153846153846
0 0.7367788461538461 0.3762019230769231 0.15264423076923078 0.19951923076923078
0 0.9014423076923077 0.375 0.16346153846153846 0.20192307692307693
0 0.09615384615384616 0.5709134615384616 0.15865384615384615 0.19591346153846154
0 0.25841346153846156 0.5769230769230769 0.15625 0.19471153846153846
0 0.4206730769230769 0.5697115384615384 0.15264423076923078 0.1935096153846154
0 0.5793269230769231 0.5745192307692307 0.15264423076923078 0.19471153846153846
0 0.7403846153846154 0.5805288461538461 0.15865384615384615 0.19230769230769232
0 0.9026442307692307 0.5793269230769231 0.15985576923076922 0.20673076923076922
0 0.09615384615384616 0.7752403846153846 0.15865384615384615 0.19110576923076922
0 0.25841346153846156 0.7740384615384616 0.15625 0.18870192307692307
0 0.41947115384615385 0.7740384615384616 0.15625 0.19831730769230768
0 0.5757211538461539 0.7752403846153846 0.15144230769230768 0.18629807692307693
0 0.7391826923076923 0.7764423076923077 0.15504807692307693 0.18870192307692307
0 0.9038461538461539 0.7788461538461539 0.1622596153846154 0.1935096153846154