0 0.09375 0.3076923076923077 0.16346153846153846 0.33052884615384615
0 0.25961538461538464 0.3137019230769231 0.15865384615384615 0.3389423076923077
0 0.421875 0.3161057692307692 0.15504807692307693 0.3125
0 0.5805288461538461 0.31490384615384615 0.15504807692307693 0.31971153846153844
0 0.09375 0.6394230769230769 0.15625 0.3293269230769231
0 0.25721153846153844 0.6418269230769231 0.15625 0.3293269230769231
0 0.4206730769230769 0.6418269230769231 0.15625 0.31490384615384615
0 0.5793269230769231 0.6442307692307693 0.15504807692307693 0.3293269230769231
0 0.7427884615384616 0.32091346153846156 0.15745192307692307 0.32211538461538464
0 0.7403846153846154 0.6526442307692307 0.15504807692307693 0.31850961538461536
0 0.9074519230769231 0.3173076923076923 0.1622596153846154 0.3269230769230769
0 0.9050480769230769 0.6502403846153846 0.15985576923076922 0.31850961538461536