0 0.11177884615384616 0.23677884615384615 0.19591346153846154 0.25240384615384615
0 0.30528846153846156 0.24158653846153846 0.18389423076923078 0.2439903846153846
0 0.109375 0.49399038461538464 0.18870192307692307 0.2512019230769231
0 0.10817307692307693 0.7427884615384616 0.18629807692307693 0.24158653846153846
0 0.30528846153846156 0.49038461538461536 0.18389423076923078 0.2439903846153846
0 0.30528846153846156 0.7391826923076923 0.1875 0.23918269230769232
0 0.49759615384615385 0.24519230769230768 0.18509615384615385 0.24759615384615385
0 0.4987980769230769 0.49038461538461536 0.18509615384615385 0.2439903846153846
0 0.4987980769230769 0.7367788461538461 0.17908653846153846 0.24278846153846154
0 0.6899038461538461 0.24639423076923078 0.18990384615384615 0.23918269230769232
0 0.6923076923076923 0.49759615384615385 0.18509615384615385 0.234375
0 0.6911057692307693 0.7415865384615384 0.18509615384615385 0.2283653846153846
0 0.8870192307692307 0.7379807692307693 0.18870192307692307 0.2439903846153846
0 0.890625 0.4951923076923077 0.1935096153846154 0.24759615384615385
0 0.8870192307692307 0.2403846153846154 0.1875 0.2403846153846154