0 0.32211538461538464 0.20432692307692307 0.18389423076923078 0.23798076923076922
0 0.5036057692307693 0.20072115384615385 0.17548076923076922 0.24519230769230768
0 0.6754807692307693 0.20072115384615385 0.17668269230769232 0.23557692307692307
0 0.23076923076923078 0.44471153846153844 0.1814903846153846 0.2439903846153846
0 0.41586538461538464 0.44471153846153844 0.1778846153846154 0.23918269230769232
0 0.5949519230769231 0.4411057692307692 0.1778846153846154 0.23677884615384615
0 0.7764423076923077 0.4423076923076923 0.17908653846153846 0.23918269230769232
0 0.13581730769230768 0.6862980769230769 0.17908653846153846 0.2439903846153846
0 0.31971153846153844 0.6862980769230769 0.1778846153846154 0.23918269230769232
0 0.5060096153846154 0.6862980769230769 0.17908653846153846 0.23918269230769232
0 0.6862980769230769 0.6850961538461539 0.17548076923076922 0.23677884615384615
0 0.8653846153846154 0.6838942307692307 0.18269230769230768 0.2439903846153846