0 0.0733173076923077 0.06370192307692307 0.1466346153846154 0.12620192307692307
0 0.08774038461538461 0.2668269230769231 0.17548076923076922 0.28846153846153844
0 0.09375 0.5384615384615384 0.18629807692307693 0.27163461538461536
0 0.29086538461538464 0.052884615384615384 0.2776442307692308 0.10576923076923077
0 0.5721153846153846 0.052884615384615384 0.29447115384615385 0.10576923076923077
0 0.8617788461538461 0.04927884615384615 0.27403846153846156 0.0985576923076923
0 0.2824519230769231 0.2608173076923077 0.21033653846153846 0.28725961538461536
0 0.5036057692307693 0.25721153846153844 0.22355769230769232 0.2956730769230769
0 0.7319711538461539 0.2536057692307692 0.23076923076923078 0.30288461538461536
0 0.921875 0.25600961538461536 0.1502403846153846 0.32211538461538464
0 0.09375 0.5396634615384616 0.18629807692307693 0.26802884615384615
0 0.3245192307692308 0.5408653846153846 0.25841346153846156 0.2776442307692308
0 0.5985576923076923 0.5492788461538461 0.296875 0.3076923076923077
0 0.8762019230769231 0.5564903846153846 0.24759615384615385 0.2956730769230769
0 0.11778846153846154 0.7944711538461539 0.1971153846153846 0.24158653846153846
0 0.31490384615384615 0.7980769230769231 0.21033653846153846 0.234375
0 0.53125 0.8040865384615384 0.21754807692307693 0.23076923076923078
0 0.7608173076923077 0.8088942307692307 0.23317307692307693 0.21153846153846154
0 0.9387019230769231 0.8161057692307693 0.11057692307692307 0.20432692307692307