0 0.10697115384615384 0.27524038461538464 0.21394230769230768 0.20432692307692307
0 0.34615384615384615 0.27403846153846156 0.2692307692307692 0.2127403846153846
0 0.6189903846153846 0.2764423076923077 0.26802884615384615 0.20793269230769232
0 0.8762019230769231 0.27524038461538464 0.24759615384615385 0.20432692307692307
0 0.11057692307692307 0.47596153846153844 0.21995192307692307 0.19230769230769232
0 0.3629807692307692 0.4795673076923077 0.26802884615384615 0.19471153846153846
0 0.6334134615384616 0.47716346153846156 0.2644230769230769 0.19471153846153846
0 0.8822115384615384 0.47716346153846156 0.2283653846153846 0.19471153846153846
0 0.11177884615384616 0.6730769230769231 0.22355769230769232 0.1875
0 0.3629807692307692 0.6742788461538461 0.25 0.18629807692307693
0 0.6165865384615384 0.6742788461538461 0.25961538461538464 0.19110576923076922
0 0.875 0.6778846153846154 0.25 0.19831730769230768