0 0.49158653846153844 0.2247596153846154 0.20793269230769232 0.23317307692307693
0 0.49038461538461536 0.6706730769230769 0.19831730769230768 0.21394230769230768
0 0.6959134615384616 0.2247596153846154 0.1971153846153846 0.2247596153846154
0 0.9038461538461539 0.22115384615384615 0.19230769230769232 0.23317307692307693
0 0.49278846153846156 0.4567307692307692 0.20673076923076922 0.21995192307692307
0 0.9038461538461539 0.45552884615384615 0.19230769230769232 0.21754807692307693
0 0.6995192307692307 0.4519230769230769 0.19831730769230768 0.21995192307692307
0 0.6947115384615384 0.6754807692307693 0.20072115384615385 0.21394230769230768
0 0.8942307692307693 0.6730769230769231 0.1875 0.2091346153846154
0 0.23918269230769232 0.7247596153846154 0.25841346153846156 0.19951923076923078
0 0.49278846153846156 0.8545673076923077 0.19831730769230768 0.12860576923076922
0 0.9002403846153846 0.8569711538461539 0.19951923076923078 0.12740384615384615
0 0.6899038461538461 0.8485576923076923 0.20192307692307693 0.13581730769230768