0 0.0829326923076923 0.2764423076923077 0.16466346153846154 0.3088942307692308
0 0.1971153846153846 0.10817307692307693 0.0985576923076923 0.21514423076923078
0 0.2980769230769231 0.109375 0.11057692307692307 0.21875
0 0.41466346153846156 0.1045673076923077 0.11778846153846154 0.2091346153846154
0 0.5516826923076923 0.10336538461538461 0.12740384615384615 0.20673076923076922
0 0.6887019230769231 0.09134615384615384 0.14783653846153846 0.18269230769230768
0 0.28966346153846156 0.34375 0.11538461538461539 0.25600961538461536
0 0.42427884615384615 0.34975961538461536 0.1141826923076923 0.26802884615384615
0 0.5528846153846154 0.3449519230769231 0.12379807692307693 0.27884615384615385
0 0.6935096153846154 0.33533653846153844 0.14182692307692307 0.2980769230769231
0 0.2848557692307692 0.6021634615384616 0.0985576923076923 0.25841346153846156
0 0.42788461538461536 0.6189903846153846 0.1310096153846154 0.2800480769230769
0 0.5588942307692307 0.6237980769230769 0.13341346153846154 0.2860576923076923
0 0.6995192307692307 0.6298076923076923 0.14302884615384615 0.2980769230769231
0 0.2860576923076923 0.8209134615384616 0.12620192307692307 0.20072115384615385