0 0.12139423076923077 0.04807692307692308 0.24278846153846154 0.09615384615384616
0 0.11658653846153846 0.2283653846153846 0.23197115384615385 0.27283653846153844
0 0.11298076923076923 0.4987980769230769 0.22596153846153846 0.26322115384615385
0 0.1201923076923077 0.7584134615384616 0.2403846153846154 0.2620192307692308
0 0.36177884615384615 0.22716346153846154 0.24639423076923078 0.265625
0 0.3629807692307692 0.49038461538461536 0.24278846153846154 0.2644230769230769
0 0.37259615384615385 0.7548076923076923 0.2403846153846154 0.26322115384615385
0 0.5973557692307693 0.22956730769230768 0.22355769230769232 0.23918269230769232
0 0.609375 0.49158653846153844 0.23557692307692307 0.2668269230769231
0 0.6129807692307693 0.7560096153846154 0.23557692307692307 0.2608173076923077
0 0.8293269230769231 0.0673076923076923 0.18870192307692307 0.13341346153846154
0 0.8245192307692307 0.23798076923076922 0.18389423076923078 0.20673076923076922
0 0.8545673076923077 0.4831730769230769 0.2439903846153846 0.27163461538461536
0 0.8545673076923077 0.7536057692307693 0.24158653846153846 0.27163461538461536