0 0.351355 0.0650569 0.0908043 0.128431
0 0.0741048 0.0635 0.090973 0.127
0 0.165555 0.0629604 0.0924186 0.125921
0 0.509053 0.771765 0.148402 0.342312
0 0.763138 0.240716 0.0916534 0.218755
0 0.81743 0.0651031 0.0938757 0.130206
0 0.827883 0.685089 0.13275 0.312134
0 0.722748 0.0648362 0.0954083 0.129672
0 0.627605 0.0648183 0.0932866 0.129637
0 0.388329 0.232957 0.0926038 0.205592
0 0.573715 0.232826 0.0928139 0.206656
0 0.905794 0.23485 0.181804 0.211024
0 0.442644 0.0638391 0.0923315 0.127678
0 0.258762 0.0639058 0.0953684 0.127812
0 0.535272 0.0641911 0.0908604 0.128382
0 0.204555 0.230572 0.0901144 0.201106
0 0.667553 0.233893 0.0940471 0.209331
0 0.295611 0.231667 0.0911949 0.205901
0 0.480405 0.232258 0.0909151 0.204826
0 0.440462 0.595767 0.180373 0.397328
0 0.0996836 0.59748 0.0987566 0.250196
0 0.274281 0.45717 0.0971954 0.206521
0 0.113657 0.231694 0.0918148 0.207909
0 0.912223 0.0653314 0.0930344 0.130663
0 0.298495 0.720594 0.112947 0.349555
0 0.0326976 0.229956 0.0651108 0.205133
0 0.980009 0.449362 0.0394298 0.216885
0 0.865048 0.477547 0.102714 0.202026
0 0.0132508 0.0638439 0.0265016 0.127688
0 0.0868922 0.40795 0.124382 0.144986
0 0.979223 0.065729 0.0414658 0.129522
0 0.0122207 0.429523 0.0242428 0.192948
0 0.58281 0.436491 0.0899799 0.19062
0 0.665421 0.641887 0.0773105 0.345321
0 0.209676 0.724283 0.0675338 0.343458
0 0.186605 0.544668 0.0817622 0.365009
