0 0.503242 0.450498 0.069792 0.124618
0 0.1501 0.728253 0.119249 0.160701
0 0.789047 0.825774 0.143053 0.185033
0 0.520423 0.328444 0.105079 0.124125
0 0.85251 0.725656 0.0619459 0.140743
0 0.404757 0.332846 0.120829 0.112879
0 0.307646 0.828852 0.0881378 0.192951
0 0.43069 0.449157 0.0749725 0.130235
0 0.428265 0.216047 0.122167 0.120593
0 0.233074 0.585939 0.128547 0.133874
0 0.38493 0.6546 0.134878 0.167597
0 0.497615 0.0971496 0.123179 0.117777
0 0.567085 0.210035 0.128718 0.118548
0 0.622968 0.588409 0.0785343 0.155256
0 0.787792 0.695156 0.065757 0.0781346
0 0.75245 0.452473 0.0618698 0.126717
0 0.572026 0.830689 0.091157 0.190247
0 0.852325 0.585197 0.0622042 0.140811
0 0.699111 0.586306 0.0726635 0.152152
0 0.329105 0.451968 0.130599 0.127842
0 0.787206 0.585936 0.0684834 0.143389
0 0.612584 0.449372 0.0879629 0.125505
0 0.0672349 0.761507 0.0449498 0.129374
0 0.39857 0.82989 0.097763 0.186866
0 0.952679 0.636489 0.0590927 0.136885
0 0.656325 0.327509 0.0766459 0.120265
0 0.68813 0.450063 0.0660884 0.125501
0 0.699479 0.699313 0.071983 0.0767687
0 0.623268 0.744727 0.0780624 0.162971
0 0.931212 0.780084 0.0919525 0.148952
0 0.54787 0.700658 0.0751002 0.0717416
0 0.986566 0.778862 0.0263998 0.150233
0 0.713366 0.329623 0.042768 0.122352
0 0.424971 0.544456 0.0492081 0.0487893
